1503710
1655482
1650429
1857710
1797030
1799585
1951350
1843060
1716848
1766643
1873996
1849841
1879937
1891192
1839898
1810891
1786700
1897971
1622351
1653124 
1618361
1806374
1770470
1738565
1802475
1810288
1782161
1728078
1666156
1629154
1607839
1713473
1685768
1634587
1565766
1541448
1502667
1492588
1541148
1546030
1530317
1492381
1449165
1407059
1382523
1408054
1409408
1427702
1440967
1450604
1429872
1397678
1428685
1435446
1429857
1422112
1413743
1366961
1291878
1170228
1308178
1359550
1377735
1408811
1384408
1350480
1201043
1378855
1433058
1447249
1447118
1429568
1407675
1489493
1490066
1447118
1429568
1407675
1489493
1490066
1466726
1446898
1461062
1385170
1387204
1406349
1474267
1490612
1470299
1464997
1458053
1447107
1522356
1463731
1406284
1379516
1389132
1378733
1337291
1397092
1408713
1409968
1330622
1300211
1303596
1292470
1261682
1246746
1234103
1199146
1183661
1154808
1248532
1203872
1206237
1257154
1172135
1188903
1280818
1339686
1366975
1303216
1319403
1268578
1226897
1248669
1248961
1216622
1152164
1137895
1131844
1130417
1143508
1213783
1154288
1120369
1121118
1055185
1035562
1036108
1093055
1116704
1073781
1066342
1005659
1045366
1050749
1073806
1032746
1056912
1013098
981777
1030689
1017391
1068037
1016102
1018231
1019199
1006638
1072884
1050141
1055928
1060684
1040278
1029665
979468
999568
994924
971785
970069
964868
975761
955369
1002960
939783
941948
922105
918571
888756
848787
844453
838249
840183
860646
